{"tokens": ["<|endoftext|>", "I", " think", " therefore", " I", " am"], "n_layers": 6, "trajectories": [{"token": "<|endoftext|>", "positions": [[2.2527836335939355e-05, -0.0011577449040487409, 9.322819096269086e-05], [0.0673661008477211, -0.01953856460750103, -0.37214428186416626], [0.19000643491744995, -0.07564490288496017, -1.0], [1.0, 0.06081891804933548, 0.18418274819850922], [0.9872642755508423, 0.056797418743371964, 0.3751702606678009], [0.48266056180000305, -0.13315756618976593, -0.7137807011604309], [0.027597861364483833, -1.0, -0.302562415599823]]}, {"token": "I", "positions": [[3.808244946412742e-05, 0.00032173810177482665, -0.0003115910803899169], [-0.0073553333058953285, 0.014371839351952076, 0.03357258811593056], [-0.03603551164269447, 0.018818775191903114, 0.11850802600383759], [-0.1841057389974594, -0.013393030501902103, -0.07293309271335602], [-0.1888606697320938, 0.004276350140571594, -0.14765062928199768], [-0.09633336961269379, 0.03648762404918671, -0.00046874696272425354], [-0.013040932826697826, 0.35350361466407776, -0.3624597191810608]]}, {"token": " think", "positions": [[-0.000940461119171232, -0.00017374528397340328, 0.002217483939602971], [-0.027537044137716293, -0.0022335322573781013, 0.059429753571748734], [-0.041007205843925476, 0.014730301685631275, 0.19647592306137085], [-0.19818037748336792, -0.018414849415421486, -0.030740968883037567], [-0.20348714292049408, -0.028148261830210686, -0.05768553540110588], [-0.1053367331624031, -0.001106459996663034, 0.13157160580158234], [0.007743916008621454, -0.3111084997653961, 0.6915566921234131]]}, {"token": " therefore", "positions": [[-2.0968545868527144e-05, 5.576968760578893e-05, -0.0009787284070625901], [0.0014472095062956214, -0.004661089740693569, 0.1398799866437912], [-0.03827609866857529, -0.003138147061690688, 0.25899189710617065], [-0.20707370340824127, -0.028406821191310883, -0.0007257192628458142], [-0.20264200866222382, -0.03546896204352379, -0.06309229880571365], [-0.09278888255357742, 0.007112400606274605, 0.282726913690567], [-0.0016632425831630826, 0.05239161103963852, 0.32079973816871643]]}, {"token": " I", "positions": [[0.00014272525731939822, 0.0010398189770057797, -0.00029431621078401804], [-0.016804024577140808, 0.009032288566231728, 0.04093622788786888], [-0.03791166841983795, 0.02495444379746914, 0.18499436974525452], [-0.2066316157579422, 0.0022662756964564323, -0.09100619703531265], [-0.19570474326610565, 0.011326314881443977, -0.08934418857097626], [-0.0878935232758522, 0.05632348731160164, 0.1250157654285431], [-0.013883274048566818, 0.6012263298034668, -0.38268616795539856]]}, {"token": " am", "positions": [[0.0007582305697724223, -8.591144433012232e-05, -0.000726038939319551], [-0.017116950824856758, 0.0030290745198726654, 0.09832557290792465], [-0.03677587956190109, 0.020279448479413986, 0.24103012681007385], [-0.20400789380073547, -0.002870568074285984, 0.01122334972023964], [-0.19656968116760254, -0.008782939985394478, -0.017397547140717506], [-0.10030806064605713, 0.0343405120074749, 0.17493507266044617], [-0.00675435084849596, 0.30398663878440857, 0.035351939499378204]]}], "attention": [{"layer": 0, "head": 0, "weights": [[1.0, 0.0, 0.0, 0.0, 0.0, 0.0], [0.7752994298934937, 0.22470057010650635, 0.0, 0.0, 0.0, 0.0], [0.2627819776535034, 0.5429726243019104, 0.19424542784690857, 0.0, 0.0, 0.0], [0.6465840935707092, 0.02025022730231285, 0.20180237293243408, 0.13136328756809235, 0.0, 0.0], [0.13554304838180542, 0.5435886979103088, 0.07662982493638992, 0.09459777176380157, 0.14964064955711365, 0.0], [0.15076346695423126, 0.3409305214881897, 0.10241863131523132, 0.06935790181159973, 0.28146088123321533, 0.055068567395210266]]}, {"layer": 0, "head": 1, "weights": [[1.0, 0.0, 0.0, 0.0, 0.0, 0.0], [0.502805233001709, 0.4971948266029358, 0.0, 0.0, 0.0, 0.0], [0.026417383924126625, 0.818667471408844, 0.15491512417793274, 0.0, 0.0, 0.0], [0.016696128994226456, 0.10698284208774567, 0.7092668414115906, 0.16705423593521118, 0.0, 0.0], [0.03696557134389877, 0.0285427775233984, 0.10905791074037552, 0.4479718506336212, 0.37746188044548035, 0.0], [0.007399690803140402, 0.06869092583656311, 0.025711363181471825, 0.15549443662166595, 0.5286863446235657, 0.21401722729206085]]}, {"layer": 0, "head": 2, "weights": [[1.0, 0.0, 0.0, 0.0, 0.0, 0.0], [0.9997281432151794, 0.00027188932290300727, 0.0, 0.0, 0.0, 0.0], [0.9944614171981812, 0.003275080118328333, 0.002263629576191306, 0.0, 0.0, 0.0], [0.985687792301178, 0.006988532841205597, 0.0023134720977395773, 0.005010150372982025, 0.0, 0.0], [0.9904432892799377, 0.0006163017242215574, 0.0077060433104634285, 0.000426803482696414, 0.000807491596788168, 0.0], [0.9799811244010925, 0.0061297728680074215, 0.0022754245437681675, 0.0006410516216419637, 0.005821809638291597, 0.0051506878808140755]]}, {"layer": 0, "head": 3, "weights": [[1.0, 0.0, 0.0, 0.0, 0.0, 0.0], [0.716752290725708, 0.2832476794719696, 0.0, 0.0, 0.0, 0.0], [0.18552672863006592, 0.00021668577392119914, 0.8142566680908203, 0.0, 0.0, 0.0], [0.013653486967086792, 1.7225648889507283e-06, 7.971378295223985e-07, 0.9863439798355103, 0.0, 0.0], [0.7294960021972656, 0.011700783856213093, 0.00045689125545322895, 0.002796615706756711, 0.25554972887039185, 0.0], [0.2888422906398773, 0.00033471969072707, 0.0011667589424178004, 0.00011417321366025135, 0.010218626819550991, 0.6993234157562256]]}, {"layer": 0, "head": 4, "weights": [[1.0, 0.0, 0.0, 0.0, 0.0, 0.0], [0.8169395327568054, 0.18306048214435577, 0.0, 0.0, 0.0, 0.0], [0.7460950016975403, 0.12951679527759552, 0.1243881806731224, 0.0, 0.0, 0.0], [0.1679539829492569, 0.08363129943609238, 0.6061692833900452, 0.14224548637866974, 0.0, 0.0], [0.21066081523895264, 0.09197808057069778, 0.5512982606887817, 0.08025431632995605, 0.06580853462219238, 0.0], [0.15184643864631653, 0.09421906620264053, 0.5814477801322937, 0.03529544174671173, 0.10006866604089737, 0.03712256997823715]]}, {"layer": 0, "head": 5, "weights": [[1.0, 0.0, 0.0, 0.0, 0.0, 0.0], [0.8434420228004456, 0.15655796229839325, 0.0, 0.0, 0.0, 0.0], [0.2594796419143677, 0.33130210638046265, 0.4092181921005249, 0.0, 0.0, 0.0], [0.4108743667602539, 0.11628901213407516, 0.09930840879678726, 0.3735281825065613, 0.0, 0.0], [0.35830146074295044, 0.3200712203979492, 0.0256195105612278, 0.08340778946876526, 0.2126000076532364, 0.0], [0.3126487135887146, 0.006741938181221485, 0.014629581943154335, 0.2803313434123993, 0.10057483613491058, 0.2850736081600189]]}, {"layer": 0, "head": 6, "weights": [[1.0, 0.0, 0.0, 0.0, 0.0, 0.0], [0.9682310819625854, 0.031768906861543655, 0.0, 0.0, 0.0, 0.0], [0.9243818521499634, 0.06492450833320618, 0.010693682357668877, 0.0, 0.0, 0.0], [0.8908184170722961, 0.05959843844175339, 0.018823841586709023, 0.030759381130337715, 0.0, 0.0], [0.867255449295044, 0.053118135780096054, 0.032056551426649094, 0.013156465254724026, 0.03441344201564789, 0.0], [0.8320432305335999, 0.03535740077495575, 0.03264578431844711, 0.020275035873055458, 0.033255837857723236, 0.046422746032476425]]}, {"layer": 0, "head": 7, "weights": [[1.0, 0.0, 0.0, 0.0, 0.0, 0.0], [0.9979110360145569, 0.0020889840088784695, 0.0, 0.0, 0.0, 0.0], [0.004608413204550743, 0.9903486967086792, 0.0050428747199475765, 0.0, 0.0, 0.0], [0.6875872611999512, 0.24351699650287628, 0.007633372209966183, 0.061262305825948715, 0.0, 0.0], [0.11226242780685425, 0.5776485204696655, 0.05300289765000343, 0.11497749388217926, 0.14210863411426544, 0.0], [0.0002536787651479244, 0.0039068423211574554, 0.0003716940700542182, 0.0006565102958120406, 0.988547682762146, 0.006263619754463434]]}, {"layer": 1, "head": 0, "weights": [[1.0, 0.0, 0.0, 0.0, 0.0, 0.0], [0.8636168837547302, 0.13638313114643097, 0.0, 0.0, 0.0, 0.0], [0.4641575813293457, 0.051980528980493546, 0.48386189341545105, 0.0, 0.0, 0.0], [0.6460253596305847, 0.0923064798116684, 0.12250003963708878, 0.13916809856891632, 0.0, 0.0], [0.2222483605146408, 0.09605955332517624, 0.4814516305923462, 0.16409648954868317, 0.036144014447927475, 0.0], [0.3647172749042511, 0.15059718489646912, 0.15997783839702606, 0.2582496404647827, 0.03847561404109001, 0.027982503175735474]]}, {"layer": 1, "head": 1, "weights": [[1.0, 0.0, 0.0, 0.0, 0.0, 0.0], [0.6639475226402283, 0.33605244755744934, 0.0, 0.0, 0.0, 0.0], [0.09777212142944336, 0.773191511631012, 0.12903642654418945, 0.0, 0.0, 0.0], [0.06340175122022629, 0.15238863229751587, 0.6290526390075684, 0.15515699982643127, 0.0, 0.0], [0.15192312002182007, 0.031094610691070557, 0.4056200385093689, 0.3420976996421814, 0.06926454603672028, 0.0], [0.2583636939525604, 0.049337420612573624, 0.12943878769874573, 0.2532993257045746, 0.2027200609445572, 0.10684073716402054]]}, {"layer": 1, "head": 2, "weights": [[1.0, 0.0, 0.0, 0.0, 0.0, 0.0], [0.8561630845069885, 0.1438368707895279, 0.0, 0.0, 0.0, 0.0], [0.09416349977254868, 0.7790332436561584, 0.12680330872535706, 0.0, 0.0, 0.0], [0.011046157218515873, 0.019472941756248474, 0.840063750743866, 0.12941716611385345, 0.0, 0.0], [0.002322323387488723, 0.0036292935255914927, 0.4913085401058197, 0.4183383285999298, 0.08440155535936356, 0.0], [0.15224437415599823, 0.005026326514780521, 0.3722984790802002, 0.22900253534317017, 0.06817512214183807, 0.17325308918952942]]}, {"layer": 1, "head": 3, "weights": [[1.0, 0.0, 0.0, 0.0, 0.0, 0.0], [0.8470028638839722, 0.1529971808195114, 0.0, 0.0, 0.0, 0.0], [0.7552319169044495, 0.18135352432727814, 0.0634145736694336, 0.0, 0.0, 0.0], [0.5408548712730408, 0.1907033622264862, 0.14718477427959442, 0.12125693261623383, 0.0, 0.0], [0.26250913739204407, 0.15099725127220154, 0.17399229109287262, 0.30308932065963745, 0.10941193997859955, 0.0], [0.2137099653482437, 0.12135995179414749, 0.12549206614494324, 0.25757160782814026, 0.14235474169254303, 0.13951164484024048]]}, {"layer": 1, "head": 4, "weights": [[1.0, 0.0, 0.0, 0.0, 0.0, 0.0], [0.8721892237663269, 0.12781073153018951, 0.0, 0.0, 0.0, 0.0], [0.6988730430603027, 0.23577195405960083, 0.0653550997376442, 0.0, 0.0, 0.0], [0.5898048877716064, 0.26841112971305847, 0.03912338986992836, 0.10266058892011642, 0.0, 0.0], [0.5222970247268677, 0.20303258299827576, 0.14971567690372467, 0.08549323678016663, 0.039461515843868256, 0.0], [0.5668114423751831, 0.16043365001678467, 0.09159987419843674, 0.09904053062200546, 0.043766941875219345, 0.0383475236594677]]}, {"layer": 1, "head": 5, "weights": [[1.0, 0.0, 0.0, 0.0, 0.0, 0.0], [0.5182775855064392, 0.4817223846912384, 0.0, 0.0, 0.0, 0.0], [0.19732080399990082, 0.7536724209785461, 0.049006760120391846, 0.0, 0.0, 0.0], [0.48132017254829407, 0.20826849341392517, 0.13692575693130493, 0.17348559200763702, 0.0, 0.0], [0.4617491066455841, 0.27555710077285767, 0.025651436299085617, 0.060152918100357056, 0.17688944935798645, 0.0], [0.3506999611854553, 0.2260170578956604, 0.006944193504750729, 0.11074253171682358, 0.2352493405342102, 0.07034686952829361]]}, {"layer": 1, "head": 6, "weights": [[1.0, 0.0, 0.0, 0.0, 0.0, 0.0], [0.9651950597763062, 0.034804943948984146, 0.0, 0.0, 0.0, 0.0], [0.5725570917129517, 0.3821417987346649, 0.04530104622244835, 0.0, 0.0, 0.0], [0.5699430704116821, 0.15794479846954346, 0.21725429594516754, 0.05485782027244568, 0.0, 0.0], [0.727950394153595, 0.05455128848552704, 0.14448684453964233, 0.047107793390750885, 0.02590367943048477, 0.0], [0.4540061056613922, 0.02929476834833622, 0.0026476713828742504, 0.008071626536548138, 0.3854466676712036, 0.12053310126066208]]}, {"layer": 1, "head": 7, "weights": [[1.0, 0.0, 0.0, 0.0, 0.0, 0.0], [0.5509865283966064, 0.44901344180107117, 0.0, 0.0, 0.0, 0.0], [0.6281096339225769, 0.29479193687438965, 0.07709838449954987, 0.0, 0.0, 0.0], [0.7307699918746948, 0.1362694948911667, 0.0212444718927145, 0.11171603202819824, 0.0, 0.0], [0.44809556007385254, 0.22459810972213745, 0.08270938694477081, 0.0548662468791008, 0.189730703830719, 0.0], [0.6274353861808777, 0.12887977063655853, 0.012079539708793163, 0.04913174360990524, 0.1326257288455963, 0.04984775558114052]]}, {"layer": 2, "head": 0, "weights": [[1.0, 0.0, 0.0, 0.0, 0.0, 0.0], [0.7296300530433655, 0.2703699767589569, 0.0, 0.0, 0.0, 0.0], [0.5101781487464905, 0.28738221526145935, 0.20243962109088898, 0.0, 0.0, 0.0], [0.21557295322418213, 0.36820387840270996, 0.18017429113388062, 0.23604880273342133, 0.0, 0.0], [0.10150615125894547, 0.10536032915115356, 0.19671796262264252, 0.5203619003295898, 0.0760536715388298, 0.0], [0.0922035425901413, 0.08072157204151154, 0.265010267496109, 0.4307994544506073, 0.09438423812389374, 0.0368809774518013]]}, {"layer": 2, "head": 1, "weights": [[1.0, 0.0, 0.0, 0.0, 0.0, 0.0], [0.9491878747940063, 0.05081220343708992, 0.0, 0.0, 0.0, 0.0], [0.15391144156455994, 0.6786268949508667, 0.16746170818805695, 0.0, 0.0, 0.0], [0.00024341467360500246, 0.04114372655749321, 0.8947726488113403, 0.06384027749300003, 0.0, 0.0], [1.950673140527215e-05, 0.00015751384489703923, 0.053018443286418915, 0.8929458856582642, 0.05385861545801163, 0.0], [0.00012253386375959963, 8.185920705727767e-06, 0.0009994672145694494, 0.1451466828584671, 0.7916521430015564, 0.06207100301980972]]}, {"layer": 2, "head": 2, "weights": [[1.0, 0.0, 0.0, 0.0, 0.0, 0.0], [0.9105651378631592, 0.08943486958742142, 0.0, 0.0, 0.0, 0.0], [0.7436081171035767, 0.08827819675207138, 0.16811370849609375, 0.0, 0.0, 0.0], [0.6120826005935669, 0.1253519356250763, 0.16057024896144867, 0.10199513286352158, 0.0, 0.0], [0.2804127037525177, 0.12069398164749146, 0.2813473045825958, 0.24532762169837952, 0.07221835106611252, 0.0], [0.1973966360092163, 0.13257209956645966, 0.23965583741664886, 0.269051730632782, 0.08086753636598587, 0.08045614510774612]]}, {"layer": 2, "head": 3, "weights": [[1.0, 0.0, 0.0, 0.0, 0.0, 0.0], [0.6295571327209473, 0.3704428970813751, 0.0, 0.0, 0.0, 0.0], [0.5822342038154602, 0.16753478348255157, 0.2502310276031494, 0.0, 0.0, 0.0], [0.18958427011966705, 0.2997509837150574, 0.3824772834777832, 0.1281874179840088, 0.0, 0.0], [0.1479545533657074, 0.09231726825237274, 0.2866044044494629, 0.14980770647525787, 0.32331597805023193, 0.0], [0.02487277053296566, 0.10343059152364731, 0.11851862818002701, 0.04262583330273628, 0.6350119113922119, 0.0755401998758316]]}, {"layer": 2, "head": 4, "weights": [[1.0, 0.0, 0.0, 0.0, 0.0, 0.0], [0.7493610382080078, 0.25063902139663696, 0.0, 0.0, 0.0, 0.0], [0.5975258946418762, 0.13948485255241394, 0.26298925280570984, 0.0, 0.0, 0.0], [0.030299266800284386, 0.10023442655801773, 0.800351619720459, 0.06911470741033554, 0.0, 0.0], [0.01271550077944994, 0.017641842365264893, 0.2500492334365845, 0.2803523540496826, 0.4392411410808563, 0.0], [0.02754233404994011, 0.01856280118227005, 0.06252691149711609, 0.1078895851969719, 0.35509419441223145, 0.4283841550350189]]}, {"layer": 2, "head": 5, "weights": [[1.0, 0.0, 0.0, 0.0, 0.0, 0.0], [0.8063747882843018, 0.19362519681453705, 0.0, 0.0, 0.0, 0.0], [0.6681132316589355, 0.1849088817834854, 0.14697790145874023, 0.0, 0.0, 0.0], [0.45623666048049927, 0.32751771807670593, 0.09279615432024002, 0.12344950437545776, 0.0, 0.0], [0.4966422915458679, 0.15242183208465576, 0.20585043728351593, 0.07522249221801758, 0.06986290961503983, 0.0], [0.3088138699531555, 0.23677682876586914, 0.18045993149280548, 0.08885679394006729, 0.12865349650382996, 0.056439109146595]]}, {"layer": 2, "head": 6, "weights": [[1.0, 0.0, 0.0, 0.0, 0.0, 0.0], [0.9086704850196838, 0.09132953733205795, 0.0, 0.0, 0.0, 0.0], [0.8962362408638, 0.004328029230237007, 0.09943574666976929, 0.0, 0.0, 0.0], [0.7922298312187195, 0.011611954309046268, 0.0034865939524024725, 0.19267164170742035, 0.0, 0.0], [0.29377228021621704, 0.31471991539001465, 0.21616750955581665, 0.11066688597202301, 0.06467343121767044, 0.0], [0.65190190076828, 0.043871745467185974, 0.03975049778819084, 0.02854745276272297, 0.01305960863828659, 0.22286880016326904]]}, {"layer": 2, "head": 7, "weights": [[1.0, 0.0, 0.0, 0.0, 0.0, 0.0], [0.8798410892486572, 0.12015893310308456, 0.0, 0.0, 0.0, 0.0], [0.3947587013244629, 0.38646844029426575, 0.21877288818359375, 0.0, 0.0, 0.0], [0.2628183364868164, 0.3434492349624634, 0.29069527983665466, 0.10303717851638794, 0.0, 0.0], [0.10201628506183624, 0.16800366342067719, 0.380964457988739, 0.2844395637512207, 0.06457602977752686, 0.0], [0.0990760549902916, 0.08023339509963989, 0.2936389148235321, 0.43390727043151855, 0.07211112976074219, 0.021033141762018204]]}, {"layer": 3, "head": 0, "weights": [[1.0, 0.0, 0.0, 0.0, 0.0, 0.0], [0.9999359846115112, 6.402006692951545e-05, 0.0, 0.0, 0.0, 0.0], [0.9979668259620667, 0.0008624389301985502, 0.0011707835365086794, 0.0, 0.0, 0.0], [0.9999175071716309, 5.4430215641332325e-06, 6.9889779297227506e-06, 7.003686914686114e-05, 0.0, 0.0], [0.9989990592002869, 9.925698395818472e-05, 0.0005557777476496994, 3.9021721022436395e-05, 0.00030692960717715323, 0.0], [0.9986739158630371, 9.114263957599178e-05, 5.8217359764967114e-05, 0.00017723292694427073, 0.0006565738003700972, 0.00034296250669285655]]}, {"layer": 3, "head": 1, "weights": [[1.0, 0.0, 0.0, 0.0, 0.0, 0.0], [0.9943745136260986, 0.005625496618449688, 0.0, 0.0, 0.0, 0.0], [0.9951529502868652, 0.0028475276194512844, 0.0019995765760540962, 0.0, 0.0, 0.0], [0.997337281703949, 0.00011539847764652222, 8.47577684908174e-05, 0.002462513977661729, 0.0, 0.0], [0.9153254628181458, 0.0015084409387782216, 0.00485506234690547, 0.006125398445874453, 0.07218560576438904, 0.0], [0.9964178800582886, 0.0008097192621789873, 4.505421202338766e-06, 0.0003143159265164286, 0.00018477679986972362, 0.0022686971351504326]]}, {"layer": 3, "head": 2, "weights": [[1.0, 0.0, 0.0, 0.0, 0.0, 0.0], [0.8303644061088562, 0.169635608792305, 0.0, 0.0, 0.0, 0.0], [0.6130013465881348, 0.21396103501319885, 0.1730376034975052, 0.0, 0.0, 0.0], [0.49861422181129456, 0.22050628066062927, 0.1865002065896988, 0.0943792313337326, 0.0, 0.0], [0.5440624952316284, 0.10038197040557861, 0.1760523021221161, 0.14259237051010132, 0.03691086173057556, 0.0], [0.3839236795902252, 0.13064239919185638, 0.22178368270397186, 0.15059708058834076, 0.047919124364852905, 0.06513403356075287]]}, {"layer": 3, "head": 3, "weights": [[1.0, 0.0, 0.0, 0.0, 0.0, 0.0], [0.9664144515991211, 0.03358554467558861, 0.0, 0.0, 0.0, 0.0], [0.8401595950126648, 0.055897749960422516, 0.10394269227981567, 0.0, 0.0, 0.0], [0.8639058470726013, 0.02291366644203663, 0.04053632915019989, 0.07264413684606552, 0.0, 0.0], [0.8344616293907166, 0.019644130021333694, 0.09085571765899658, 0.03354452922940254, 0.021494023501873016, 0.0], [0.8013986349105835, 0.04712129756808281, 0.05536003038287163, 0.05409577861428261, 0.015014750882983208, 0.027009570971131325]]}, {"layer": 3, "head": 4, "weights": [[1.0, 0.0, 0.0, 0.0, 0.0, 0.0], [0.6121814846992493, 0.38781845569610596, 0.0, 0.0, 0.0, 0.0], [0.3754112124443054, 0.3113616108894348, 0.31322717666625977, 0.0, 0.0, 0.0], [0.08053471148014069, 0.11621332168579102, 0.6038715243339539, 0.19938044250011444, 0.0, 0.0], [0.11809586733579636, 0.07286632806062698, 0.2115623652935028, 0.31959620118141174, 0.2778792679309845, 0.0], [0.04674185812473297, 0.04042494297027588, 0.11394622176885605, 0.20387870073318481, 0.38813772797584534, 0.20687060058116913]]}, {"layer": 3, "head": 5, "weights": [[1.0, 0.0, 0.0, 0.0, 0.0, 0.0], [0.9998868703842163, 0.0001131238677771762, 0.0, 0.0, 0.0, 0.0], [0.9737892150878906, 0.0006624740781262517, 0.02554827742278576, 0.0, 0.0, 0.0], [0.9968796968460083, 0.00021888736227992922, 0.001725048292428255, 0.0011763809015974402, 0.0, 0.0], [0.7214664220809937, 0.00010000818292610347, 0.1627195179462433, 0.00044125685235485435, 0.11527279764413834, 0.0], [0.9853302240371704, 0.00021831461344845593, 0.00024259803467430174, 0.00035470581497065723, 0.0003738217055797577, 0.013480291701853275]]}, {"layer": 3, "head": 6, "weights": [[1.0, 0.0, 0.0, 0.0, 0.0, 0.0], [0.9999732971191406, 2.6740704925032333e-05, 0.0, 0.0, 0.0, 0.0], [0.9978464841842651, 4.610552787198685e-05, 0.002107375068590045, 0.0, 0.0, 0.0], [0.9999735355377197, 3.0355906801560195e-06, 2.1402998754638247e-05, 2.026092488449649e-06, 0.0, 0.0], [0.8729893565177917, 0.00018871265638154, 0.1169980987906456, 8.775953756412491e-05, 0.00973599310964346, 0.0], [0.9996733665466309, 9.608025720808655e-05, 1.763474938343279e-05, 1.41284663186525e-05, 4.164149231655756e-06, 0.00019465691002551466]]}, {"layer": 3, "head": 7, "weights": [[1.0, 0.0, 0.0, 0.0, 0.0, 0.0], [0.7766202688217163, 0.2233797013759613, 0.0, 0.0, 0.0, 0.0], [0.482776403427124, 0.19516722857952118, 0.3220563530921936, 0.0, 0.0, 0.0], [0.20913347601890564, 0.10069861263036728, 0.23356282711029053, 0.45660507678985596, 0.0, 0.0], [0.016644010320305824, 0.03333015739917755, 0.2183537781238556, 0.6286061406135559, 0.10306593030691147, 0.0], [0.029602771624922752, 0.056714706122875214, 0.2362833470106125, 0.46939313411712646, 0.15769943594932556, 0.050306666642427444]]}, {"layer": 4, "head": 0, "weights": [[1.0, 0.0, 0.0, 0.0, 0.0, 0.0], [0.9993475079536438, 0.0006525406497530639, 0.0, 0.0, 0.0, 0.0], [0.8685626983642578, 0.0023370070848613977, 0.12910032272338867, 0.0, 0.0, 0.0], [0.1611902415752411, 0.0004933791933581233, 0.838003933429718, 0.00031238823430612683, 0.0, 0.0], [0.8264811038970947, 0.0005114434170536697, 0.15928462147712708, 0.012771998532116413, 0.0009508479852229357, 0.0], [0.8734952211380005, 0.0020260668825358152, 0.10954449325799942, 0.010867578908801079, 0.003023717552423477, 0.001042929827235639]]}, {"layer": 4, "head": 1, "weights": [[1.0, 0.0, 0.0, 0.0, 0.0, 0.0], [0.9999990463256836, 9.079193432626198e-07, 0.0, 0.0, 0.0, 0.0], [0.995144784450531, 6.689152996841585e-06, 0.004848500248044729, 0.0, 0.0, 0.0], [0.9987132549285889, 7.215150503725454e-07, 0.0006521265022456646, 0.0006339172250591218, 0.0, 0.0], [0.5557960271835327, 3.1367765132017666e-06, 0.43317151069641113, 0.010982785373926163, 4.653558062273078e-05, 0.0], [0.9782764315605164, 6.872024187032366e-06, 0.011193500831723213, 0.0035140314139425755, 0.00013397772272583097, 0.006875101942569017]]}, {"layer": 4, "head": 2, "weights": [[1.0, 0.0, 0.0, 0.0, 0.0, 0.0], [0.9999403953552246, 5.96589561610017e-05, 0.0, 0.0, 0.0, 0.0], [0.9999921321868896, 7.85466909292154e-06, 3.849524077281785e-08, 0.0, 0.0, 0.0], [0.4913889765739441, 5.948945727141108e-06, 6.084076176193776e-06, 0.5085989832878113, 0.0, 0.0], [0.9991483688354492, 4.827240331906069e-07, 5.180419248063117e-05, 0.0006877384148538113, 0.00011161430302308872, 0.0], [0.9929924011230469, 1.664957198954653e-05, 1.2701593732344918e-06, 0.00652298703789711, 0.00044606757001020014, 2.0599671188392676e-05]]}, {"layer": 4, "head": 3, "weights": [[1.0, 0.0, 0.0, 0.0, 0.0, 0.0], [1.0, 4.572869194419127e-09, 0.0, 0.0, 0.0, 0.0], [0.9999996423721313, 3.562416281965852e-07, 4.919293726306344e-17, 0.0, 0.0, 0.0], [0.6095241904258728, 4.1516328153079485e-09, 4.679085170670921e-19, 0.3904758393764496, 0.0, 0.0], [0.8722993731498718, 5.506521816300847e-08, 6.069588720514218e-10, 0.1276456117630005, 5.4982392612146214e-05, 0.0], [0.9996697902679443, 1.3046101976499358e-09, 3.5698461642383604e-17, 0.0003301527176517993, 3.403279325020492e-10, 3.2231220359335566e-08]]}, {"layer": 4, "head": 4, "weights": [[1.0, 0.0, 0.0, 0.0, 0.0, 0.0], [0.9999992847442627, 7.196276214926911e-07, 0.0, 0.0, 0.0, 0.0], [0.9999957084655762, 4.306120899855159e-06, 1.9893475755594636e-11, 0.0, 0.0, 0.0], [0.9999961853027344, 1.0972976269840728e-06, 1.125011528380071e-09, 2.7694031814462505e-06, 0.0, 0.0], [0.9986158609390259, 1.0034352015964032e-07, 0.001383116003125906, 4.947998633042516e-08, 1.0055470056613558e-06, 0.0], [0.9999997615814209, 4.49251719158994e-10, 2.1770116820363228e-09, 2.1387588922117118e-10, 4.432175959578899e-09, 2.1439001329781604e-07]]}, {"layer": 4, "head": 5, "weights": [[1.0, 0.0, 0.0, 0.0, 0.0, 0.0], [0.9999722242355347, 2.7833071726490743e-05, 0.0, 0.0, 0.0, 0.0], [0.0005690979887731373, 0.00018548217485658824, 0.9992454051971436, 0.0, 0.0, 0.0], [0.0003567652020137757, 9.195603070111247e-07, 0.9990677237510681, 0.0005745805683545768, 0.0, 0.0], [5.0856788220698945e-06, 9.18414788664279e-11, 0.9984191656112671, 0.0015608579851686954, 1.4889365047565661e-05, 0.0], [0.003294948488473892, 1.695587889116723e-05, 0.9687284231185913, 0.027804642915725708, 0.00014907398144714534, 5.987050826661289e-06]]}, {"layer": 4, "head": 6, "weights": [[1.0, 0.0, 0.0, 0.0, 0.0, 0.0], [1.0, 2.0279870176827947e-13, 0.0, 0.0, 0.0, 0.0], [1.0, 5.320615011804785e-15, 1.2539221641268486e-15, 0.0, 0.0, 0.0], [1.0, 7.386942145752758e-15, 5.037456979735356e-15, 1.924100635763981e-12, 0.0, 0.0], [1.0, 1.135208463690085e-14, 7.901209464478143e-09, 3.3455824777206544e-09, 1.0379743939359365e-12, 0.0], [1.0, 3.7010116651046976e-13, 6.101936447441836e-13, 6.574006616855144e-11, 1.0078556370550495e-13, 8.243190201609463e-13]]}, {"layer": 4, "head": 7, "weights": [[1.0, 0.0, 0.0, 0.0, 0.0, 0.0], [1.0, 3.6887848331446094e-09, 0.0, 0.0, 0.0, 0.0], [1.0, 1.8354414532293847e-14, 6.699665965097723e-15, 0.0, 0.0, 0.0], [0.9999964237213135, 3.370803636215669e-11, 1.1206258143658943e-09, 3.626120133048971e-06, 0.0, 0.0], [0.9999985694885254, 1.2230310080657558e-12, 1.414475946148741e-06, 3.5828126243586667e-08, 2.5938311828260785e-13, 0.0], [1.0, 4.377925431030272e-13, 3.70990849152264e-10, 4.004137910129657e-09, 4.542761362935112e-14, 4.034338141334359e-11]]}, {"layer": 5, "head": 0, "weights": [[1.0, 0.0, 0.0, 0.0, 0.0, 0.0], [0.9999973773956299, 2.6633117613528157e-06, 0.0, 0.0, 0.0, 0.0], [0.9986435770988464, 4.976470791007159e-09, 0.001356401713564992, 0.0, 0.0, 0.0], [0.9929907321929932, 1.6679604186720098e-06, 0.006991300731897354, 1.6359434084733948e-05, 0.0, 0.0], [0.9430819153785706, 6.036200943526637e-07, 1.2730718481179792e-05, 4.6567030949518085e-05, 0.05685814097523689, 0.0], [0.9996187686920166, 1.9210473567454756e-07, 2.2950489437789656e-06, 1.698379392678362e-08, 6.375023804139346e-05, 0.00031501782359555364]]}, {"layer": 5, "head": 1, "weights": [[1.0, 0.0, 0.0, 0.0, 0.0, 0.0], [0.9914224743843079, 0.008577484637498856, 0.0, 0.0, 0.0, 0.0], [0.01016959361732006, 6.225912329682615e-06, 0.989824116230011, 0.0, 0.0, 0.0], [1.8779077208819217e-06, 1.6735111785237677e-06, 0.3350232243537903, 0.6649731993675232, 0.0, 0.0], [3.922146218915401e-10, 4.585453128314043e-10, 0.04115285724401474, 0.9588463306427002, 8.130337505463103e-07, 0.0], [5.6951908466995604e-12, 1.9116649235817462e-11, 0.02010023221373558, 0.979899525642395, 2.7831174520542845e-07, 1.468809102123103e-10]]}, {"layer": 5, "head": 2, "weights": [[1.0, 0.0, 0.0, 0.0, 0.0, 0.0], [1.0, 2.719127353834061e-11, 0.0, 0.0, 0.0, 0.0], [2.1993882042717725e-19, 3.0886201097487636e-21, 1.0, 0.0, 0.0, 0.0], [5.662074453982626e-17, 1.0555931383836229e-17, 1.0, 2.725663783564869e-08, 0.0, 0.0], [0.8624710440635681, 4.0679473678473244e-11, 0.0005280122277326882, 4.094908490515081e-06, 0.13699683547019958, 0.0], [1.4410844479534335e-12, 2.8393585260744203e-09, 1.7051675349488704e-10, 1.768313520412242e-15, 0.9999998807907104, 6.772485505734949e-08]]}, {"layer": 5, "head": 3, "weights": [[1.0, 0.0, 0.0, 0.0, 0.0, 0.0], [1.0, 8.730188585093964e-21, 0.0, 0.0, 0.0, 0.0], [1.0, 6.1937392123156915e-43, 2.0767252423704373e-24, 0.0, 0.0, 0.0], [1.0, 8.628585875806457e-34, 3.322562968570246e-16, 9.366124878466018e-21, 0.0, 0.0], [1.0, 8.365505526405104e-19, 9.666443870611268e-32, 2.4982555366952526e-29, 1.3615261804274248e-13, 0.0], [1.0, 7.110407487975942e-22, 5.660384007003297e-19, 3.912599194057913e-20, 3.410549967441945e-11, 1.1257018238172898e-18]]}, {"layer": 5, "head": 4, "weights": [[1.0, 0.0, 0.0, 0.0, 0.0, 0.0], [1.0, 3.89850884440732e-18, 0.0, 0.0, 0.0, 0.0], [1.0, 3.956307156882666e-11, 2.283561915221579e-16, 0.0, 0.0, 0.0], [0.9999996423721313, 2.614958423408087e-11, 4.1486492818876286e-07, 2.1562035844166294e-21, 0.0, 0.0], [1.0, 1.660185352100253e-19, 2.1627055050871526e-27, 1.0145606794113217e-34, 1.3726315829351756e-24, 0.0], [8.296844811184201e-08, 0.0001177445737994276, 2.8682048300575816e-19, 5.2281352048234236e-27, 0.9998821020126343, 4.55042658759129e-15]]}, {"layer": 5, "head": 5, "weights": [[1.0, 0.0, 0.0, 0.0, 0.0, 0.0], [0.9695556163787842, 0.030444348230957985, 0.0, 0.0, 0.0, 0.0], [0.999930739402771, 5.783700544270687e-05, 1.1388781786081381e-05, 0.0, 0.0, 0.0], [0.1489778459072113, 0.8489769697189331, 0.0020218095742166042, 2.3354992663371377e-05, 0.0, 0.0], [0.02915426902472973, 4.4595643089451187e-07, 0.0006291810423135757, 0.004759303294122219, 0.9654567837715149, 0.0], [0.9993357062339783, 2.137976728988633e-08, 1.1053384696424473e-05, 1.269375218271307e-07, 2.2992280719336122e-05, 0.0006299908854998648]]}, {"layer": 5, "head": 6, "weights": [[1.0, 0.0, 0.0, 0.0, 0.0, 0.0], [1.0, 5.831279740759615e-16, 0.0, 0.0, 0.0, 0.0], [1.0, 4.299716058390568e-16, 4.886906722471211e-22, 0.0, 0.0, 0.0], [1.0, 2.1587809664880275e-13, 3.127828188172351e-15, 3.6033790377077114e-22, 0.0, 0.0], [1.0, 1.0910675647745414e-18, 8.96952014849588e-23, 2.4750854487211324e-26, 1.169845886345186e-22, 0.0], [1.0, 1.6124933750041073e-18, 8.347936468688419e-20, 1.7561467486381466e-22, 2.762806469992162e-22, 1.7699203862610503e-22]]}, {"layer": 5, "head": 7, "weights": [[1.0, 0.0, 0.0, 0.0, 0.0, 0.0], [0.9860711693763733, 0.013928859494626522, 0.0, 0.0, 0.0, 0.0], [0.3118477165699005, 0.0016719646519050002, 0.6864802837371826, 0.0, 0.0, 0.0], [3.359268157510087e-05, 7.482031651306897e-05, 0.9995790123939514, 0.000312553922412917, 0.0, 0.0], [0.00014492328045889735, 4.325964255258441e-05, 0.1928299367427826, 0.7686387896537781, 0.03834308683872223, 0.0], [6.691793532809243e-05, 4.415318471728824e-05, 0.30471816658973694, 0.5574432611465454, 0.08202379196882248, 0.055703695863485336]]}], "explained_variance": [0.8712902069091797, 0.05284753441810608, 0.016420425847172737], "projection_method": "pca", "model_name": "pythia-70m", "logit_lens": [[[{"token": "pun", "prob": 0.4531363546848297}, {"token": "ports", "prob": 0.32911741733551025}, {"token": "isans", "prob": 0.0922173485159874}], [{"token": " extensively", "prob": 0.30895838141441345}, {"token": "onia", "prob": 0.26329508423805237}, {"token": " designed", "prob": 0.1983630508184433}], [{"token": "aries", "prob": 0.4854598343372345}, {"token": "imeter", "prob": 0.17244619131088257}, {"token": "ation", "prob": 0.1383621096611023}], [{"token": "----------------------------------------------------", "prob": 0.7642194628715515}, {"token": "-----------------------------------------------", "prob": 0.05639535188674927}, {"token": "---------------------------------------------------", "prob": 0.05424336716532707}], [{"token": " \u201c", "prob": 0.7031075954437256}, {"token": " \u201d", "prob": 0.2553412914276123}, {"token": " (\u201c", "prob": 0.025098958984017372}], [{"token": "icus", "prob": 0.9441695809364319}, {"token": "iels", "prob": 0.024871449917554855}, {"token": "pcbi", "prob": 0.012589244171977043}]], [[{"token": " little", "prob": 0.3577060401439667}, {"token": " latest", "prob": 0.3562503159046173}, {"token": " public", "prob": 0.06223899871110916}], [{"token": " end", "prob": 0.7827508449554443}, {"token": " am", "prob": 0.1575653851032257}, {"token": "ronic", "prob": 0.034020960330963135}], [{"token": "roup", "prob": 0.19113437831401825}, {"token": "---|---", "prob": 0.15235625207424164}, {"token": "group", "prob": 0.1259048879146576}], [{"token": " various", "prob": 0.30264511704444885}, {"token": " increased", "prob": 0.1189798042178154}, {"token": " selected", "prob": 0.10008522868156433}], [{"token": " am", "prob": 0.97502201795578}, {"token": " order", "prob": 0.010062746703624725}, {"token": "ronic", "prob": 0.009517845697700977}], [{"token": " deeply", "prob": 0.2507053017616272}, {"token": " powerful", "prob": 0.23886355757713318}, {"token": " NOT", "prob": 0.10497300326824188}]], [[{"token": "uppose", "prob": 0.27961015701293945}, {"token": "namespace", "prob": 0.22192640602588654}, {"token": "<?", "prob": 0.18204784393310547}], [{"token": " myself", "prob": 0.9460915923118591}, {"token": " end", "prob": 0.019000625237822533}, {"token": " feed", "prob": 0.014671404846012592}], [{"token": " coming", "prob": 0.14133036136627197}, {"token": "ously", "prob": 0.09567670524120331}, {"token": " current", "prob": 0.09172682464122772}], [{"token": " simplified", "prob": 0.7431443929672241}, {"token": " improved", "prob": 0.10712342709302902}, {"token": " modified", "prob": 0.04169026017189026}], [{"token": " end", "prob": 0.31528550386428833}, {"token": "rr", "prob": 0.2749454975128174}, {"token": " am", "prob": 0.18174730241298676}], [{"token": " biased", "prob": 0.9826964139938354}, {"token": " clear", "prob": 0.0030690727289766073}, {"token": " certain", "prob": 0.0025655196513980627}]], [[{"token": " following", "prob": 0.15564899146556854}, {"token": " indeed", "prob": 0.11953431367874146}, {"token": "ogenous", "prob": 0.05520464852452278}], [{"token": " following", "prob": 0.9942948222160339}, {"token": " currently", "prob": 0.0020136446692049503}, {"token": " end", "prob": 0.001541566802188754}], [{"token": " following", "prob": 0.6947237253189087}, {"token": " coming", "prob": 0.21800658106803894}, {"token": " below", "prob": 0.0191193837672472}], [{"token": " simplified", "prob": 0.9183492660522461}, {"token": " apologies", "prob": 0.029729923233389854}, {"token": " divide", "prob": 0.014536596834659576}], [{"token": " reck", "prob": 0.31344491243362427}, {"token": " practice", "prob": 0.1762470304965973}, {"token": "'m", "prob": 0.1295974999666214}], [{"token": " biased", "prob": 0.7641829252243042}, {"token": " following", "prob": 0.234958678483963}, {"token": " learning", "prob": 0.00020362433861009777}]], [[{"token": " following", "prob": 0.4846116304397583}, {"token": " myself", "prob": 0.1279338151216507}, {"token": " indeed", "prob": 0.023150261491537094}], [{"token": "TRODUCTION", "prob": 0.41711103916168213}, {"token": " am", "prob": 0.20325887203216553}, {"token": "umin", "prob": 0.13003729283809662}], [{"token": " about", "prob": 0.4238828122615814}, {"token": " thinking", "prob": 0.4004494547843933}, {"token": " myself", "prob": 0.07645539939403534}], [{"token": " today", "prob": 0.46818989515304565}, {"token": "...", "prob": 0.42261627316474915}, {"token": " myself", "prob": 0.05972382053732872}], [{"token": "'m", "prob": 0.5364013314247131}, {"token": "\u2019", "prob": 0.22715520858764648}, {"token": " practice", "prob": 0.12589526176452637}], [{"token": " present", "prob": 0.3136219084262848}, {"token": " part", "prob": 0.2865336835384369}, {"token": " my", "prob": 0.129871666431427}]], [[{"token": "var", "prob": 0.9404351115226746}, {"token": "nae", "prob": 0.020349346101284027}, {"token": "hedral", "prob": 0.005333410110324621}], [{"token": "bro", "prob": 0.6775199770927429}, {"token": "ronic", "prob": 0.17203667759895325}, {"token": "\u00edm", "prob": 0.09052322059869766}], [{"token": " it", "prob": 0.3135770261287689}, {"token": " we", "prob": 0.28611043095588684}, {"token": " there", "prob": 0.16724617779254913}], [{"token": " that", "prob": 0.4681914746761322}, {"token": " we", "prob": 0.19682133197784424}, {"token": " there", "prob": 0.15237747132778168}], [{"token": " myself", "prob": 0.5046951770782471}, {"token": "'m", "prob": 0.3338466286659241}, {"token": " personally", "prob": 0.0603870265185833}], [{"token": " surprised", "prob": 0.34921732544898987}, {"token": " myself", "prob": 0.3342452645301819}, {"token": " biased", "prob": 0.1547563076019287}]], [[{"token": "Q", "prob": 0.10780077427625656}, {"token": "The", "prob": 0.04825730249285698}, {"token": "\n", "prob": 0.024414971470832825}], [{"token": "'m", "prob": 0.10014890134334564}, {"token": " have", "prob": 0.07113319635391235}, {"token": "\u2019", "prob": 0.06063086912035942}], [{"token": " I", "prob": 0.18560877442359924}, {"token": " it", "prob": 0.11687614023685455}, {"token": " the", "prob": 0.1067994236946106}], [{"token": " I", "prob": 0.19237925112247467}, {"token": " that", "prob": 0.11595775187015533}, {"token": " it", "prob": 0.09127949178218842}], [{"token": " have", "prob": 0.1265200525522232}, {"token": "\u2019", "prob": 0.10915951430797577}, {"token": "'m", "prob": 0.061866164207458496}], [{"token": " going", "prob": 0.09239692986011505}, {"token": " a", "prob": 0.07216882705688477}, {"token": " not", "prob": 0.06195822358131409}]]]}